실재,값
라틴계에 대해 들어본 적이 없음,76.0
라틴계에 대해 들어본 적이 없음,76.0
라틴어를 사용하지 마십시오,20.0
Latinx를 사용하지 마십시오.,20.0
라틴계에 대해 들어본 적이 있음,
