실재,자주,가끔,그물
요르단,3,14,17
베네수엘라,9,12,21
멕시코,9,13,22
콜롬비아,8,20,28
케냐,19,10,29
인도,12,17,29
필리핀 제도,9,21,30
튀니지,8,24,32
베트남,8,25,33
레바논,11,22,33
남아프리카,22,15,37
