실재,하얀색,검은색,히스패닉,아시아 사람
"""흑인의 생명도 소중하다""라는 게시물",57,25,13,6
소셜 미디어에서,73,12,11,5
모든 국회의원 게시물이 소셜 미디어에 게시됨,73,12,11,5
의회 의석,79,10,8,3
