특성,석탄,핵무기,천연 가스,재생 가능 에너지(수력 포함),기름
2020*,19%,20%,41%,20%,-
2019*,23%,20%,38%,18%,-
2018,27%,19%,35%,18%,1%
2017년,30%,20%,32%,18%,0%
2016년,30%,20%,34%,15%,1%
2015년,33%,19%,33%,14%,1%
2014년,39%,19%,28%,13%,1%
2013년,39%,19%,28%,13%,1%
2012,37%,19%,31%,12%,1%
2011년,42%,19%,25%,13%,1%
2010년,45%,20%,24%,10%,1%
2009년,44%,20%,24%,11%,1%
2008년,48%,20%,22%,9%,1%
2007년,49%,19%,22%,8%,2%
