특성,믿다,믿지 마세요,확실하지 않다
하나님,80%,9%,11%
천국,78%,9%,14%
기적,76%,8%,16%
예수님은 하나님이시거나 하나님의 아들이십니다.,74%,12%,14%
천사,74%,10%,15%
예수 그리스도의 부활,70%,13%,17%
악마,65%,17%,18%
지옥,64%,15%,21%
죽음 이후 영혼의 생존,62%,11%,26%
동정녀 탄생(마리아에게서 탄생하신 예수),59%,16%,25%
유령,46%,31%,23%
다윈의 진화론,43%,24%,33%
창조론,38%,22%,39%
점성학,36%,38%,26%
UFO,31%,39%,29%
마녀,23%,56%,21%
환생 – 당신도 한때 다른 사람이었다는 것,21%,46%,34%
