특성,학사학위 이상,일부 대학,고등학교 졸업 이하
베네수엘라 사람,50%,28%,22%
아르헨티나의,41%,26%,33%
콜롬비아 사람,33%,30%,38%
스페인 사람,32%,34%,34%
페루의,31%,31%,38%
쿠바 사람,25%,24%,51%
니카라과,19%,29%,52%
에콰도르 사람,19%,25%,56%
푸에르토 리코,18%,30%,53%
도미니카인,17%,26%,58%
모든 히스패닉,14%,24%,62%
멕시코 인,10%,22%,68%
과테말라 사람,9%,15%,75%
온두라스,9%,18%,74%
엘살바도르,8%,18%,74%
