특성,페이스북 팬,트위터 팔로어
2021년 2월,1.95,2.3
2020년 8월,1.97,2.3
2020년 2월,1.98,2.38
2019년 8월,2.0,2.4
2019년 2월,2.02,2.34
2018년 8월,1.84,2.31
2018년 2월,1.84,2.29
2017년 8월,1.84,1.94
2017년 2월,1.84,1.35
2016년 8월,1.83,0.82
2016년 2월,1.8,0.64
2015년 8월,1.75,0.51
2015년 2월,1.83,0.43
2014년 8월,1.66,0.32
2014년 2월,1.27,0.28
2013 년 8 월,1.05,0.24
2013년 2월,0.99,0.19
2012년 8월,0.82,0.13
