특성,실질적으로 더 크다,적당히 크다,똑같다,적당히 적음,실질적으로 적음
포르투갈,14%,57%,14%,14%,0%
그리스,13%,25%,50%,13%,0%
스페인,11%,44%,44%,0%,0%
영국,11%,56%,30%,4%,0%
독일,10%,44%,44%,2%,0%
프랑스,9%,45%,45%,0%,0%
아일랜드,8%,58%,25%,8%,0%
북유럽 지역,6%,38%,44%,13%,0%
베네룩스,5%,48%,48%,0%,0%
이탈리아,0%,83%,17%,0%,0%
중부 및 동부 유럽,0%,75%,13%,13%,0%
러시아,0%,14%,57%,14%,14%
