특성,수백만 명의 도착자 수
2019,19.6
2018,18.6
2017,17.4
2016,15.4
2015,14.2
2014,12.9
2013,12.2
2012,11.5
2011,8.5
2010,7.9
2009,8.3
2008,8.7
2007,8.6
2006,8.2
