특성,톤 단위 생산량
캘리포니아,13571200
워싱턴,1500790
위스콘신,1212223
미네소타,812644
오리건,666403
일리노이,401350
오하이오,193410
뉴욕,177700
델라웨어,89450
텍사스,81700
