특성,수출액(백만 달러)
홍콩,30.2
인도,19.0
영국,2.4
미국,0.95
미얀마,0.89
브라질,0.74
태국,0.5
우크라이나,0.48
일본,0.45
이탈리아,0.39
