특성,시장 규모(10억 달러)
2026**,8.0
2016년,6.7
