요일·게임(회의)(네트워크),평균 시청자 수(백만)
루이빌 대 클렘슨(10월 1일)(ABC),9.29
앨라배마 대 LSU(11월 5일)(CBS),10.39
노트르담 대 텍사스(9월 4일)(ABC),10.95
앨라배마 대 플로리다(12월 3일)(CBS),11.09
미시간 주 대 오하이오 주(11월 26일)(ABC),17.12
