특성,획득한 의석 수
새로운 민주주의,158
시리자,86
변화를 위한 운동,22
공산주의자,15
그리스 솔루션,10
MeRA25,9
