특성,"출생 1,000명당 사망 수"
2019,16.6
2018,17.2
2017,17.8
2016,18.3
2015,18.9
2014,19.5
2013,20.1
2012,20.7
2011,21.3
2010,21.9
2009,22.6
