특성,기업 수
2017년,41
2016년,43
2015년,43
2014년,39
2013년,45
2012,51
2011년,47
2010년,50
2009*,51
2008년,49
