특성,백만 톤 단위의 우유 생산량
염소 우유,5.75
우유,78.1
버팔로 우유,81.27
