특성,내로우바디,와이드바디
2022,1029,155
2021,1036,204
2020,1024,216
2019,1125,312
2018,934,310
