특성,레드 1,레드 2
2016-17,68.7%,62.5%
2015-16,72.5%,67.3%
2014-15,71.9%,69.1%
2013-14,75.6%,74.8%
2012-13,74%,75.6%
